1900	None
1901	None
1902	None
1903	None
1904	0.0
1905	0.0
1906	0.0
1907	0.0
1908	0.0
1909	0.0
1910	0.0
1911	0.0
1912	0.0
1913	0.0
1914	0.0
1915	0.03051817487746454
1916	0.027585982495174303
1917	0.029805068413266442
1918	0.025550067065063124
1919	0.02559013430721066
1920	0.02292595643145895
1921	0.04005433329975576
1922	0.0
1923	0.0
1924	0.0
1925	0.0
1926	0.0
1927	0.0
1928	0.0
1929	0.0
1930	0.07458512938011967
1931	0.06763959521309208
1932	0.059814252564136035
1933	0.05418160087990014
1934	0.05903442857149563
1935	0.06271086008783992
1936	0.0644112690315259
1937	0.009642114513610914
1938	0.014585439712734296
1939	0.01694602529773044
1940	0.01544609938382197
1941	0.010158449918936373
1942	0.007636352208929628
1943	0.006955911275804299
1944	0.008577100696713033
1945	0.0042307184761097355
1946	0.0018050464779287055
1947	0.0034733206374739016
1948	0.003395128206994174
1949	0.006503188493075348
1950	0.006839440229361348
1951	0.004754607275182457
1952	0.006344431395684682
1953	0.009249630488817395
1954	0.009240601214770435
1955	0.010854011199504262
1956	0.007155812575877078
1957	0.006812626943582505
1958	0.009098133179251273
1959	0.007422480895777395
1960	0.006241701541039067
1961	0.004640267625416366
1962	0.0035044884196210042
1963	0.0034761370622224995
1964	0.003474691293631769
1965	0.003991559405459978
1966	0.00461856285357343
1967	0.002902319411770855
1968	0.0034329760633435616
1969	0.007762799977069681
1970	0.008451900879016531
1971	0.008179424602365587
1972	0.006017897102283792
1973	0.0061179174127392235
1974	0.009060220629429008
1975	0.0084609661850892
1976	0.004676604717373071
1977	0.00497065899065923
1978	0.0048484549500089225
1979	0.004932528773855903
1980	0.004068533809592165
1981	0.0015148691958398396
1982	0.002178061877436601
1983	0.0029432161200076993
1984	0.004030822012444857
1985	0.005977277966933128
1986	0.006794469569459375
1987	0.007439221103062646
1988	0.007616172919885837
1989	0.007282968274461963
1990	0.006913787218177226
1991	0.005623246676957284
1992	0.004020135323116117
1993	0.004148468300454562
1994	0.003858502782527788
1995	0.0035948379231331077
1996	0.0038421946731648894
1997	0.003916534210825137
1998	0.004016061013796448
1999	0.004422705850200211
2000	0.0035516417442802845
